2000-5-28-0==>50,37,15,16,2,5,9,38,29,68,57,49,62,39,61,54,34,68,103,59,64,53,124,28
2000-5-29-1==>14,28,7,10,7,2,5,16,27,29,40,21,43,42,40,29,44,38,33,38,32,43,32,11
2000-5-31-3==>16,15,14,5,19,9,11,8,27,29,15,19,36,39,52,36,41,46,37,41,53,26,38,25
2000-6-1-4==>18,5,6,13,19,10,8,8,33,24,32,33,55,22,36,49,46,47,49,48,31,43,37,13
2000-6-2-5==>54,12,4,6,5,13,9,14,39,35,48,23,48,39,33,56,62,50,39,43,36,35,30,32
2000-6-3-6==>18,23,27,20,12,17,22,7,12,25,25,27,51,36,46,36,45,50,29,35,36,53,38,27
2000-6-4-0==>21,14,18,14,8,19,24,21,38,41,35,36,45,53,27,41,24,50,62,57,31,60,60,22
2000-6-5-1==>26,15,14,15,5,9,6,20,30,37,47,50,54,27,21,38,36,52,52,24,61,53,46,21
2000-6-6-2==>36,22,16,14,10,18,14,28,21,48,63,35,47,61,30,63,107,52,50,84,42,47,35,40
2000-6-7-3==>29,8,8,3,19,11,13,9,25,41,39,29,54,22,31,17,54,66,58,38,58,57,48,27
2000-6-8-4==>29,22,15,3,3,4,11,8,33,51,33,33,34,55,33,19,31,79,45,52,61,79,59,39
2000-6-9-5==>47,27,17,18,3,4,8,1,28,17,21,27,44,24,22,28,29,52,49,47,56,67,64,43
2000-6-10-6==>26,24,26,11,3,6,24,25,29,52,43,90,89,60,55,46,43,32,33,40,55,58,49,25
2000-6-11-0==>43,18,18,9,3,12,6,10,31,26,41,31,54,57,145,59,63,48,33,47,68,61,30,15
2000-6-12-1==>78,14,4,6,4,8,3,9,29,38,43,32,28,22,26,18,24,43,116,65,65,48,40,20
2000-6-13-2==>22,6,7,3,0,11,9,7,12,16,13,23,26,11,33,36,39,75,40,41,33,34,49,20
2000-6-14-3==>44,9,11,1,4,3,6,5,34,21,28,27,47,29,42,38,40,44,61,90,33,40,33,27
2000-6-15-4==>15,8,18,9,24,5,10,4,6,24,36,22,49,21,29,26,34,55,43,52,43,37,32,35
2000-6-16-5==>88,21,8,2,0,2,9,5,35,25,15,10,46,45,21,25,67,69,38,47,70,64,37,26
2000-6-17-6==>19,14,11,7,14,13,14,14,12,23,19,26,63,84,69,70,38,59,43,78,38,49,60,22
2000-6-18-0==>29,29,32,24,6,12,22,23,27,34,44,62,56,55,85,60,50,47,111,67,46,52,38,21
2000-6-19-1==>44,21,12,7,7,13,7,8,22,29,40,45,31,26,55,42,38,47,47,46,40,39,16,17
2000-6-20-2==>29,82,17,29,9,3,5,4,17,12,49,21,23,20,18,19,19,53,68,50,24,43,22,36
2000-6-21-3==>70,15,8,9,8,10,6,11,24,38,20,29,58,48,40,20,49,72,38,54,65,21,28,23
2000-6-22-4==>21,17,10,5,6,7,3,13,24,33,46,29,28,40,119,96,31,41,109,53,114,104,33,76
2000-6-23-5==>78,21,13,11,7,15,10,15,28,47,34,32,44,24,27,56,40,55,48,81,60,43,68,24
2000-6-24-6==>23,20,21,30,58,12,20,24,23,32,61,60,59,57,45,53,71,55,77,23,30,29,34,32
2000-6-25-0==>30,14,11,7,12,12,10,22,30,30,44,34,65,54,38,36,27,39,47,71,26,32,25,22
2000-6-26-1==>56,22,8,6,2,7,9,10,22,32,22,20,44,54,44,86,32,37,43,28,27,71,28,24
2000-7-15-6==>28,10,12,24,29,29,10,32,31,37,28,29,43,48,45,26,35,29,44,41,111,55,38,24
2000-7-16-0==>18,19,13,6,0,1,8,10,19,20,35,50,35,44,68,49,44,29,52,32,21,41,23,16
2000-7-17-1==>32,21,10,12,1,9,5,9,6,10,10,19,20,46,50,43,40,40,32,26,38,24,31,8
2000-7-19-3==>13,9,7,4,10,1,4,21,16,29,21,25,62,80,64,52,47,26,42,46,47,126,108,19
2000-7-20-4==>16,15,14,5,6,5,5,20,21,30,157,58,189,37,52,42,60,48,26,27,69,52,30,20
2000-7-21-5==>64,4,6,4,6,1,5,29,26,23,65,46,66,46,35,59,26,44,16,24,42,44,58,32
2000-7-22-6==>32,14,13,18,9,33,26,35,34,37,44,31,36,29,49,53,34,52,245,54,38,43,33,43
2000-7-23-0==>32,10,7,12,10,10,7,18,15,33,43,28,37,21,26,32,39,46,39,25,25,38,31,13
2000-7-24-1==>140,14,8,3,14,5,3,5,23,41,31,38,48,34,66,27,19,42,36,37,26,32,31,25
2000-7-25-2==>14,16,16,8,4,5,5,3,16,31,28,27,34,47,46,33,34,19,44,42,34,41,15,22
2000-7-26-3==>60,10,5,10,3,3,4,9,18,32,23,34,27,28,28,49,28,50,38,35,45,40,47,21
2000-7-27-4==>26,59,14,39,24,52,14,13,13,18,19,32,50,64,51,40,33,63,57,47,31,23,34,16
2000-7-28-5==>85,8,8,4,8,3,4,12,45,43,25,38,34,40,41,38,41,32,37,38,34,36,38,29
2000-7-29-6==>20,15,5,1,12,18,12,25,18,25,39,48,59,58,43,35,40,60,42,53,37,41,43,32
2000-7-30-0==>43,24,15,53,6,10,16,13,25,33,44,36,44,51,60,63,43,44,44,38,30,37,25,20
2000-7-31-1==>74,25,11,7,5,7,3,15,17,25,43,34,32,44,52,47,38,92,54,45,43,44,61,19
2000-8-1-2==>25,18,14,19,2,3,6,5,23,41,36,40,67,55,57,52,43,37,21,41,20,31,45,14
2000-8-2-3==>76,18,16,6,4,1,1,10,12,28,32,63,73,68,54,52,47,268,83,57,18,31,33,23
2000-8-3-4==>12,15,9,3,12,2,12,3,25,41,32,38,45,81,56,58,44,47,40,46,34,53,83,16
2000-8-4-5==>42,11,7,9,3,1,0,3,22,29,26,34,39,45,52,53,37,71,39,48,44,44,40,30
2000-8-5-6==>30,28,8,6,11,4,18,7,16,51,31,39,42,45,34,36,43,33,33,47,36,41,46,44
2000-8-6-0==>99,54,12,2,8,7,13,6,9,24,50,56,38,56,45,48,27,37,33,35,34,30,41,17
2000-8-7-1==>54,17,21,7,3,1,2,5,30,48,25,50,50,48,75,41,72,50,23,45,104,31,41,28
2000-8-8-2==>20,11,8,2,2,3,9,8,25,31,21,26,60,43,69,39,58,45,24,31,17,34,26,38
2000-8-9-3==>62,6,9,11,7,3,7,13,34,25,21,30,38,53,41,32,44,49,24,26,21,38,36,24
2000-8-10-4==>16,9,27,4,2,2,3,4,6,18,26,30,61,61,41,50,33,51,35,51,36,43,25,22
2000-8-11-5==>48,20,13,3,1,3,2,1,29,29,29,38,34,42,46,40,40,32,17,23,27,39,32,23
2000-8-12-6==>31,19,11,32,16,10,3,5,15,37,28,25,40,36,44,35,37,58,39,58,84,29,29,34
2000-8-13-0==>50,39,24,9,10,1,3,9,11,24,35,17,33,33,34,29,38,35,18,45,39,24,27,14
2000-8-14-1==>59,19,9,7,2,2,4,6,22,18,39,26,37,38,20,41,36,30,29,27,20,26,26,24
2000-8-15-2==>12,16,4,4,2,4,1,6,17,25,29,30,46,39,61,36,35,19,28,30,16,31,30,18
2000-8-16-3==>57,21,15,1,9,8,3,3,22,16,29,38,48,53,31,44,185,48,35,37,25,40,35,27
2000-8-17-4==>39,19,9,4,4,9,12,3,13,35,29,29,43,29,35,111,83,51,55,86,26,43,29,28
2000-8-18-5==>37,15,18,12,4,9,5,11,40,17,26,25,52,58,50,53,50,40,41,48,39,40,46,55
2000-8-19-6==>36,34,20,11,4,3,13,10,34,45,72,44,42,36,51,49,42,48,37,53,33,69,61,32
